// References=MNI  
//Arzy et al 2009:Normals  
// Subjects=12
-37	13	29
42	-4	52
0	11	51
34	23	3
-33	13	8
55	-27	-3
36	-47	-12
-34	-45	-15
57	-47	26
27	-70	34
-20	-71	45
24	-59	2
26	-67	6
12	-71	17
-50	13	13
36	-9	43
-1	11	52
38	23	2
-29	16	2
47	-16	-4
31	-5	-15
60	-48	30
29	-81	33
-22	-73	35
32	-61	4
31	-79	16
18	-75	19
-34	-85	-10


//Daselaar et al 2010: Normals  
//Subjects=16
9	-57	18
-45	-78	36
33	-84	42
48	-51	42
6	54	-3
-36	42	36
33	45	24
3	21	39
42	0	36
-12	12	9
21	9	-12
39	-45	42



//Kukolja et al 20-06: Normals  
//Subjects=20
-28.2828  -64.1485   46.6780
-40.4040  -51.8959   49.5011
46.4646  -45.8211   51.9982
-26.2626   -4.7386   56.3425
28.2828    1.2332   61.0108
-50.5051    2.5728   32.7852
52.5253    8.9567   28.7688
-6.0606    9.8825   52.7606
8.0808   16.1634   50.9154
-30.3030   20.4897    3.2577
34.3434   22.7551   -1.0690
-16.1616  -71.2521   22.3602
14.1414  -65.1773   24.8574
-30.3030  -64.4542  -37.0996
32.3232  -64.2481  -41.8556




//Trojano et al 2000:Normals  
//Subjects=4
-3.0303   26.9235   41.6882
4.0404   26.7689   44.9450
53.5354   12.0457   28.9318
-45.4545  -58.2257  -14.0923
44.4444  -66.3083  -18.1353
-35.3535  -81.4961   -1.1335
32.3232  -82.4742   -2.3819