//References=MNI  
//Anderson et al 2019  
//Subjects=21
-3	6	54
-36	18	0
-27	-3	51
30	-3	54
-36	-42	45
36	-42	51
-51	9	39
54	6	39


//Belardinelli et al 2011: Normals  
//Subjects=9
-45.44	-60.03	-13.89
-38.11	-55.08	-6.99


//Boccia et al 2015: Normals_MOVED_OK  
//Subjects=15
-45	-64	37
-15	-97	-2
9	-82	7
3	-76	28
-21	-37	-17
24	-37	-17
27	-34	-2
-51	5	28
48	-4	16
-39	-43	49
42	-40	49
54	-58	-14
-3	-76	4
30	-4	52
-24	-4	49
30	-64	34
-30	-40	-14
30	-31	-14
39	-22	61
-3	-79	46
-18	-61	16
15	-55	10
-24	-67	55
27	-61	61


//Boly et al 2007: Normals
//Subjects=12
0    9.3672   63.6166
-34.3434   -2.7823   58.6223
34.3434   -0.1048   45.7038
46.4646  -46.2299  -28.8947
28.2828  -53.3369   36.3653
32.3232  -73.6205   28.7652
40.4040   34.5955   10.5318


//Desposito et al 1997: Normals_MOVED_OK
//Subjects=7
-33.3333  -48.4848  -18.1818
-45.9731    2.9343   29.7548
-11.0004    3.4198   47.2792


//Gardini et al 2005  
//Subjects=15
28.28	3.71	8.9
-8.08	27.44	52.6
-13.13	24.35	52.44
-16.16	15.8	58.51
-4.04	15.8	58.51
-2.02	17.71	40.11
-4.04	-60.34	9.88


//Handy al 2004: Normals_MOVED_OK  
//Subjects=15
48.4848   36.1396   21.4965
-33.3333   38.1490  -22.8268
-48.4848    7.2573   42.8273
6.0606    6.7936   52.5976
-30.3030   24.7113    1.3038
-36.3636   26.5637   27.5211
-18.1818    3.3955   58.9482
-42.4242   18.3789    4.2346
-36.3636   42.4720   18.5656
-39.3939   15.7537   -6.2414
-39.3939    1.6977   29.4741
-30.3030  -73.0546   38.5899
-45.4545  -54.9822  -17.4808
-45.4545  -45.4089   43.3135
-48.4848  -48.4978   43.1505
-42.4242  -54.9822  -17.4808
-30.3030  -73.0546   38.5899



//Huijbers et al 2011: Normals  
//Subjects=21
-6	-51	12
-3	66	9
-48	-69	24
0	-12	54


//Ishai et al 2000: Normals
//Subjects=9
-31.3131  -58.1218  -40.3096
31.3131  -61.9827  -46.4925
-10.1010  -64.1992   25.9973
7.0707  -74.7532   30.8821
-29.2929  -63.8394   40.1644
32.3232  -59.1034   49.1208
-6.0606    8.5961   36.3680
9.0909    9.6772   35.3367
-30.3030   -0.0532   44.6182
34.3434   -0.0017   43.5326
-39.3939   19.9745   14.1137
40.4040   13.8997   11.6165
-28.2828   44.7374   14.3319
35.3535   38.6110   12.9203
-10.1010   55.0338   14.8751
17.1717   53.1291   11.5097



//Kaas et al 2009: Normals  
// Subjects=12
-17.1717  -64.4061   52.1060
-33.3333  -46.7477   49.7727
-42.4242  -79.7975    6.6729
-26.2626  -11.8945   54.8766
15.1515  -65.4873   53.1373
39.3939  -45.4089   43.3135
23.2323   -6.7979   56.2338
5.0505   14.0526   51.8923
26.2626   17.3493    4.1803
16.1616   -5.5089    7.3276



//Kilintari et al 2016  
//Subjects=14
-6	0	64
-26	-14	60
26	-4	58
-40	-42	50
-44	-36	42
-40	-38	58
-42	-30	42
-42	-30	50
-54	-34	44
48	-28	58
42	-30	46
40	-34	44


//Kukolja et al 2006: Normals  
//Subjects=20
-28.2828  -62.1923   48.9578
32.3232  -64.2516   48.8492
-26.2626   -2.8854   60.7935
38.3838    1.1301   63.1820
-52.5253    6.5883   35.1737
52.5253   10.8099   33.2198
8.0808   16.1634   50.9154
-28.2828   18.4305    3.1490
34.3434   22.7551   -1.0690
-16.1616  -64.9712   20.5150
16.1616  -65.1773   24.8574
-30.3030  -64.4542  -37.0996
36.3636  -68.6758  -34.9596



//Lambert et al 2002  
// Subjects=6
0  -94.9329   -0.7180
0  -73.9279   -9.0399
0  -73.9279   -9.0399
-12.1212  -86.4897   -4.9979
-4.0404 -104.5080  -17.9588
-34.3434  -74.2388   41.7924
-24.2424  -55.2931   34.0854
32.3232  -52.6155   21.1669
-46.4646  -51.6898   45.1587
2.0202  -83.3999  -28.6587
4.0404  -46.9512  -12.2489
-4.0404  -53.1291  -12.6059
4.0404  -57.2476  -12.8439
-14.1414  -98.3301  -17.6018
12.1212  -78.7678    6.7273
18.1818  -84.8426    4.2301
2.0202  -87.4172   14.9775
30.3030  -42.7313   30.3949
-44.4444  -49.6803    2.8204
-32.3232  -59.8239   42.5529
-28.2828  -79.4892   21.9256
38.3838  -69.9142   37.6673
40.4040  -64.6638   57.5340
6.0606  -56.9385  -19.9778
6.0606  -64.8664  -27.5877
8.0808  -93.7994  -26.8757
-44.4444  -89.5778  -29.0157
-40.4040  -56.6293  -27.1117


//Logie et al 2011: Normals  
// Subjects=21
-26	0	62
26	0	64


//Mazard et al 2005: Normals_MOVED_OK
// Subjects=15
-48	-58	-10
50	-58	-16
-6	-84	-2
-16	-16	10
36	-50	38
36	-54	48
32	-68	46
-44	-46	42
-28	-74	28
-24	-76	42
-30	-66	52
-32	-52	40
32	0	52
-32	0	52
-54	28	28
-46	24	24
46	32	20
8	14	50
14	30	26
-10	26	38
-6	14	48
40	26	-4
-36	20	-4
-34	22	6
0	-36	-14
-14	-10	2
-14	-2	-4
-8	-10	10
16	-8	10
6	-26	-4
-18	2	14
16	0	-4


//Pyke et al 2017:Normals
//Subjects=40
 4.0404   36.0357   45.4340
 63.6364  -44.4806    2.0064
 -26.2626   57.7113    1.9566
 41.4141   27.6457    4.7236
 48.4848   59.6152   27.0883



//Sack et al 2002: Normals  
// Subjects=6
21.2121  -73.5698   49.4459
16.1616  -76.6072   48.1973
-13.1313  -71.6651   52.8113
-1.0101  -76.6588   49.2829
36.3636   34.5947   32.2981
1.0101  -77.5836    3.5248
50.5051   19.0994   10.8026
-52.5253  -25.2781   10.6378
0   -2.6278   55.3655
-45.4545   -8.3419   45.2692
-47.4747   16.6786   40.0594
-29.2929  -83.9684   29.3075
-19.1919   74.7498   56.1831
34.3434  -74.9078   34.1388
25.2525  -75.6806   50.4228
47.4747   16.5756   42.2306
-46.4646  -38.6652   53.4641
0   77.1182   49.7782



//Sasaoka et al 2013: Normals  
// Subjects=23
36	-72	50
27	-78	45
-36	-51	45
-36	-69	55
-33	-57	50
51	-45	50
42	-45	50
36	-51	50
-54	12	40
-54	21	25
-42	9	50
-30	-15	60
-21	-18	55
-27	-24	45
-27	-48	5
-9	-6	65
-6	-12	70
-63	-3	20
-42	3	15
-54	6	15
-39	-33	-10
-51	-45	45
-39	-48	45
27	-69	-10
27	-96	-5
-21	-90	15
21	-81	35
30	-87	35
-12	-51	40
-6	-33	55
-3	-42	40


//Seurinck et al 2011: Normals  
// Subjects=16
-40	-78	0
-48	-72	-6
-26	-94	12
-24	-78	36
-20	-76	46
24	-72	48
-16	-64	52
16	-66	50
-30	-54	62
28	-56	54
-40	-38	46
34	-40	46
-24	-4	58
30	-6	56
40	6	34
-10	20	42


//Slotnick et al 2005: Normals_Maybe  
// Subjects=6
18.1818   62.3426   56.6168
-19.1919   59.3052   55.3682
32.3232   44.3243   44.7830
-26.2626   54.6722   44.2406
31.3131   16.2166    6.2972
-39.3939    7.0529    3.6371
15.1515   19.0470   33.6544
-43.4343   40.6703   13.0290
44.4444   21.9814   37.0742
30.3030    4.8373   50.3178
-29.2929    9.3157   64.7022
29.2929    5.8687    6.8395
-24.2424    4.7875    7.8708
13.1313   17.0917    9.6083
-12.1212   13.8997   11.6165
32.3232    3.3448   38.2676


//Slotnick et al 2011  
// Subjects=12
-45.4545   36.6033   11.7261
-41.4141   24.8651   19.8133
-48.4848   13.2299   25.7293
-37.3737    4.6836   31.8083
-49.4949   14.9800   32.3515
-16.1616   27.5924   49.3417
-10.1010   -1.1868   68.5013
-6.0606    5.9185   49.2865
-30.3030   31.3529   -8.9159
-28.2828  -71.6643   31.0450
-13.1313  -65.2288   25.9430
-11.1111  -62.7058   16.2813
-33.3333  -39.4346  -18.9663
-42.4242  -46.8482  -14.6268
-19.1919  -76.5025    2.4935



//Soddu et al 2009: Normals  
// Subjects=8
-42.42	-36.04	41.63
-53.54	-1.19	24.97
-1.01	1.49	55.58
-44.44	-32.85	39.62
-5.05	2.57	54.55
-40.4	-54.88	-19.86
-44.44	-3.66	55.31
-46.46	-36.09	42.72
-61.62	-40.67	8.74


//Thompson et al 1999: Normals  
// Subjects=5
-41.41	54	14.82
41.41	-35.21	2.5
-34.34	19.77	-3.63
41.41	-5.87	36.69
-11.11	-2.11	44.51
-8.08	-44.02	-56.18
-34.34	15.65	-3.86
-41.41	-54	-16.23
49.49	-31.1	2.71
-30.3	19.77	-3.63
-38.38	-5.87	36.69
-49.49	-46.13	-7.43
53.54	30.68	5.97
-30.3	19.56	1.03
-38.38	-6.08	41.04
11.11	2.37	37.13


//Trojano et al 2000:Normals  
// Subjects=4
-24.24	-74.34	43.96
-22.22	-75.73	29.74
22.22	-80.47	42.55
24.24	-83.97	29.31
-31.31	23.06	14.28
44.44	16.27	5.21
-17.17	-74.44	46.13
24.24	68.68	53.69
-30.3	-53.44	38.54
-31.31	15.7	17.15
38.38	9.11	3.75
4.04	26.82	43.86
-33.33	-29.6	58.3
-57.58	-25.18	8.47
63.64	-16.78	5.64
38.38	35.93	25.84


//Yomogida et al 2004:Normals  
// Subjects=23
-42.4242    4.6321   32.8939
-42.4242   10.1933    2.7144
-46.4646   24.9174   -3.3280
-50.5051  -64.2481  -41.8556
-16.1616  -89.9900  -19.5038
8.0808   12.0448   50.6981
40.4040  -41.6991  -38.1686
44.4444  -64.5573  -34.7216
10.1010  -83.3999  -28.6587
-40.4040    4.5290   35.0651
-48.4848   30.3739   12.4857
-52.5253  -61.2631  -15.4598
-26.2626  -63.8394   40.1644
-16.1616  -24.0930  -15.6958
22.2222  -25.9462  -20.5708
16.1616   -4.7369   12.8099
8.0808   11.9418   52.8693
30.3030  -33.2559  -42.4486


//Zeman et al 2010: Normals  
// Subjects=10
-36	18	32
-36	44	12
-32	31	8
40	22	10
40	31	2
32	30	2
32	22	28
32	14	32
36	4	28
-10	-46	14
-8	-40	6
-40	-52	10
-40	-54	20
-54	-26	-10
-60	-34	-12
66	-50	2
68	-22	-14
44	-24	-18
-12	-76	6
22	-98	2

//Zvyangintsev et al 2013  
// Subjects=15
50.51	31.82	3.86
29.29	-28.93	-23.13
38.38	-64.3	-64.51
17.17	-30.73	-53.03
32.32	-10.71	51.67
-19.19	7.36	62.42
-16.16	-63.38	52.16
-31.31	-28.93	-23.13
-46.46	37.79	8.52
-37.37	-83.76	24.97
-40.4	-71.1	19.1


